6.0
406.0
406.0
406.0
406.0
406.0
406.0
406.0
406.0
406.0
406.0
406.0
406.0
406.0
406.0
406.0
406.0
406.0
406.0
406.0
406.0
406.0
406.0
406.0
406.0
406.0
406.0
406.0
406.0
406.0
406.0
406.0
406.0
406.0
406.0
406.0
406.0
406.0
406.0
406.0
406.0
406.0
406.0
406.0
406.0
406.0
406.0
406.0
406.0
406.0
406.0
406.0
406.0
406.0
406.0
406.0
406.0
406.0
406.0
406.0
406.0
406.0
406.0
406.0
406.0
406.0
406.0
406.0
406.0
406.0
406.0
406.0
406.0
406.0
406.0
406.0
406.0
406.0
406.0
406.0
406.0
406.0
406.0
406.0
406.0
406.0
405.0
406.0
406.0
406.0
406.0
406.0
406.0
406.0
406.0
406.0
406.0
406.0
406.0
406.0
406.0
406.0
406.0
406.0
406.0
406.0
406.0
406.0
406.0
406.0
406.0
406.0
406.0
406.0
406.0
479.0
479.0
479.0
479.0
479.0
479.0
479.0
479.0
479.0
479.0
479.0
479.0
479.0
479.0
479.0
479.0
479.0
479.0
784.0
784.0
785.0
784.0
785.0
785.0
785.0
784.0
784.0
784.0
785.0
784.0
784.0
785.0
785.0
784.0
785.0
784.0
785.0
785.0
785.0
784.0
784.0
784.0
785.0
784.0
784.0
785.0
785.0
784.0
785.0
785.0
784.0
785.0
784.0
784.0
785.0
784.0
784.0
785.0
785.0
784.0
784.0
785.0
785.0
785.0
784.0
784.0
785.0
785.0
784.0
784.0
785.0
785.0
785.0
785.0
784.0
785.0
784.0
5.0
784.0
784.0
785.0
785.0
785.0
784.0
785.0
784.0
784.0
784.0
785.0
784.0
784.0
785.0
785.0
785.0
784.0
785.0
785.0
784.0
784.0
784.0
784.0
784.0
